Model;Epochs;Learning Rate;Accuracy;Parameters;Time[min];Amount;Train Losses;Test Losses
PreActResNet18; 10; 0.00; 71.3; 11217316; 9.866038306554158; 0.3; [1.9904275613950753, 1.5570172606869073, 1.387084735561012, 1.2585236402711117, 1.1472304808124851, 1.0597649434020102, 0.9870099859480208, 0.9179713865044936, 0.8578626243677646, 0.8025459579680108]; [1.6064044469461654, 1.4648452349745047, 1.2969882168328037, 1.2355449513886303, 1.0885758935072172, 1.21389925575104, 0.9808217466067963, 0.9455753356313553, 0.8578201473330538, 0.8200331097974564]
PreActResNet18; 10; 0.05; 86.94; 11217316; 9.808331561088561; 0.3; [1.490135230205033, 0.9610514623838133, 0.7465332468503267, 0.6264657719979588, 0.55283036923378, 0.4856659817084508, 0.44668765462367716, 0.40351218826024865, 0.37106658333837417, 0.34898134549544624]; [1.1995318754793356, 1.289293007157481, 1.490989055115575, 0.681516817964304, 0.6884772750421073, 0.6703321669286433, 0.6273233659160785, 0.4021038050278307, 0.4807295258433674, 0.5025746483867541]
PreActResNet18; 10; 0.05; 87.18; 11217316; 9.941080327828725; 0.3; [1.4821592247875088, 0.9664919141653785, 0.7581494256272502, 0.6354817669273796, 0.5592149306262676, 0.4988932671527106, 0.4470269789040966, 0.4148003573905407, 0.37568767090886357, 0.350544738036867]; [1.4892315917883436, 0.8509443611763536, 1.076473132204324, 0.7754611552904208, 0.5701237753414499, 0.6727585923938325, 0.49276811208207005, 0.4854709008536019, 0.594064145304334, 0.3813673995982725]
PreActResNet18; 10; 0.05; 83.78; 11217316; 9.787304834524791; 0.3; [1.5077647378790935, 0.9725334121299263, 0.7579828859881873, 0.6394761153618952, 0.5565071599516286, 0.49634180822655777, 0.4471869971257559, 0.4107499328213705, 0.3752401140533383, 0.3484727541843974]; [1.34421365615278, 1.1268945794326428, 0.8675620704413222, 0.8945697798325231, 0.5590653508282698, 0.6161830838495931, 0.6889785415353105, 0.5420786643656679, 0.5244397646940935, 0.5211280574218724]

PreActResNet18; 10; 0.05; 85.15; 11217316; 9.855233709017435; 0.2; [1.4734416587262755, 0.9561688193737965, 0.74706909798386, 0.631238591095155, 0.5562462344698927, 0.49306534422336296, 0.444836022252466, 0.4042170857790183, 0.37614889327324663, 0.34628317237224476]; [1.574769240598709, 0.9448886975503197, 0.7766811500151698, 0.7886747744993661, 0.5843669123733386, 0.9885822315566456, 0.5096915545650184, 0.6410902525289371, 0.4633168259891458, 0.48490154721771184]
PreActResNet18; 10; 0.05; 86.84; 11217316; 9.92381432056427; 0.3; [1.513255713730383, 0.9738067903544608, 0.7499433450605804, 0.6383659331770334, 0.552806312224267, 0.4927935446549972, 0.44430667869579843, 0.406000999406085, 0.3743677213335182, 0.34485782555382527]; [1.6883011827834498, 1.1982253222419812, 0.8679396679607062, 0.736853294955275, 0.6899304750818795, 0.5556916939421964, 0.5683815236480091, 0.808663041066057, 0.3909364973608488, 0.43179013318242354]
PreActResNet18; 10; 0.05; 85.46; 11217316; 9.862406301498414; 0.4; [1.5065844782407056, 0.9787074520049458, 0.7594809486403804, 0.6351558281798738, 0.5592332411073601, 0.4973594651474681, 0.44917939693183756, 0.41102793020740275, 0.3784473764204247, 0.34788995468065437]; [1.4747100927578374, 0.8648536047234703, 0.7733384191799468, 0.6191006603713234, 0.7541978266387702, 0.5170293139954345, 0.473564791317565, 0.43555406064461594, 0.5075302806715615, 0.5319274374590324]
PreActResNet18; 10; 0.05; 86.41; 11217316; 9.924146219094593; 0.5; [1.502424237252197, 0.9775071208170417, 0.7586147182657409, 0.6405137450227506, 0.5575745551443527, 0.4936756591288157, 0.4491687329892386, 0.4104526592531764, 0.38112550835653675, 0.3528427319101851]; [1.1933777465607032, 0.9697922764304346, 0.8292395025015639, 0.705927872714905, 0.5934028804968721, 0.5415434000638727, 0.5470578178715783, 0.5286455160131851, 0.6924557961499729, 0.41385784235815654]
PreActResNet18; 10; 0.05; 84.66; 11217316; 9.874519141515096; 0.6; [1.495567235173282, 0.9723380724169548, 0.7585923870976583, 0.6427650964000785, 0.5569721189204195, 0.49816587701754467, 0.4507577769548864, 0.4097271207588953, 0.3779436758196819, 0.3517330080194498]; [1.793021295398188, 0.9120683059715234, 1.2690273011073518, 0.6374880169717648, 0.6834091589378473, 0.9077634703808318, 0.4645518950237253, 0.4983868703436547, 0.5776503018725413, 0.5174757978096366]
PreActResNet18; 10; 0.05; 85.63; 11217316; 9.911087044080098; 0.7; [1.4798303527932708, 0.9545195230252455, 0.7477009855377621, 0.6280770482482319, 0.5506158076317281, 0.49388299549686093, 0.44623553790318915, 0.40693576296437495, 0.37030506589267015, 0.34491161938687587]; [1.3869764890533667, 0.9570827526025498, 0.8553700783191779, 0.8316985741257668, 0.5903389025896121, 0.8110254758272689, 0.4822437809155391, 0.4316285949605056, 0.5504743311875544, 0.5167207113279703]
PreActResNet18; 10; 0.05; 84.98; 11217316; 9.86403614282608; 0.8; [1.5132915143850745, 0.984237598080095, 0.7664404469694148, 0.6447673901314928, 0.5662804585443577, 0.49804579167700086, 0.44736959534248555, 0.4084274226219244, 0.38063281280198924, 0.35388000910089934]; [1.520336561500074, 1.1773934187218784, 0.8192813868720692, 0.5944918834458525, 0.6369824704651634, 0.5543535440065228, 0.5750292953782188, 0.5586282412845868, 0.469371232385643, 0.4721631742418764]

PreActResNet18; 25; 0.05; 90.38; 11217316; 24.582204775015512; 0.2; [1.493251821625637, 0.9808638000137442, 0.7728440880451306, 0.6475770191473604, 0.5658998665038165, 0.5052265139083334, 0.4539791076221835, 0.41197766170325145, 0.37800572627841933, 0.3518571369063946, 0.3301039056391267, 0.3040396594171313, 0.2838821164317434, 0.2696448440561625, 0.24661516273538425, 0.2382486613392258, 0.2205419680663764, 0.20809890789600113, 0.1937554662809448, 0.18632533287412595, 0.1736072092629869, 0.16280066909331659, 0.15721846066453446, 0.14874858558189866, 0.14016986074121532]; [1.4800979028494594, 1.0747791127846265, 0.8539048435208135, 0.7057280989405447, 0.6354277311041713, 0.46275123484884967, 1.0830859601402436, 0.6764931884079505, 0.4568353440588751, 0.5445933852927943, 0.41833409294486046, 0.386280783044454, 0.4037276331347208, 0.4317578045300211, 0.40185533263408146, 0.3425788149035301, 0.46350292474650345, 0.39068446758860786, 0.41744692700084884, 0.5479164634483119, 0.3931617762822027, 0.6503455507012602, 0.4793332158424222, 0.3707267942662818, 0.3424824035009399]
PreActResNet18; 25; 0.05; 90.64; 11217316; 24.742848666508994; 0.3; [1.5003176674733005, 0.9692724230422168, 0.7618546601639904, 0.6394132138185218, 0.5580728063818665, 0.49606349439820796, 0.4511288811934734, 0.4143711728873881, 0.38093286239073126, 0.3484194860844298, 0.32242500136701135, 0.30234981549788154, 0.2821280300159601, 0.2638499567670103, 0.25032412359206174, 0.23471162904420972, 0.21748123075860723, 0.20735870529936243, 0.19783838543628587, 0.18392336583634933, 0.17153563800578317, 0.16104630154741645, 0.15181081218618758, 0.14620422138054917, 0.13835816583645327]; [1.5192735444623442, 0.8824167193505711, 1.023577100647905, 0.7535067946194841, 0.6699486764998862, 0.5639775653902334, 0.5360493412889993, 0.5977152620498746, 0.5290949488647829, 0.4460881502150347, 0.6629206065933544, 0.4163817414127219, 0.35944457293247073, 0.42903035910080034, 0.4191135571430476, 0.39917986554364426, 0.33880584041912337, 0.4483104660845222, 0.4367227894834246, 0.42691994221589435, 0.33861843503107086, 0.2974982642458555, 0.41620190113860245, 0.3380477284036648, 0.371740562026017]
PreActResNet18; 25; 0.05; 89.99; 11217316; 24.862209844589234; 0.4; [1.4959183415005928, 0.9718926770902183, 0.7516505955810815, 0.637917437407731, 0.5608058779649985, 0.4984428805614311, 0.45047989953607226, 0.4085565889736856, 0.3763970060349083, 0.35005643582227747, 0.3230279703181826, 0.30107603392606064, 0.2821070247711715, 0.2632194700426233, 0.24286593007482707, 0.2340737426807235, 0.21505630707757944, 0.20794713279763885, 0.18999254169217855, 0.17737943212211524, 0.17308094885864045, 0.16081985047412412, 0.15398093216271352, 0.14740501850472806, 0.13352259865235622]; [1.5298078939937556, 1.0175744241799791, 1.77873616553724, 0.694449875967952, 0.9352798286242227, 1.1662578997901454, 0.551262260673526, 0.5024093940092352, 0.4564307195643267, 0.45752487996944224, 0.5945707613382095, 0.42276841385391195, 0.43112225225344064, 0.4488937059125771, 0.36794587587729427, 0.38135998116466946, 0.45942009017823604, 0.4019929249399005, 0.43442522368420616, 0.35791131196478115, 0.39495256689255137, 0.3506365890700977, 0.3755047878030295, 0.3688034507573936, 0.7203410421899809]
PreActResNet18; 25; 0.05; 90.17; 11217316; 24.78039461374283; 0.5; [1.5028536629768343, 0.9538166383215806, 0.7475273953804357, 0.6278939240171753, 0.5457303422721852, 0.4906326996273363, 0.4398192796386631, 0.4012295082878853, 0.36611833922941567, 0.33895728070234077, 0.31507746905793915, 0.29889091575829285, 0.2742889427001363, 0.25957332005973377, 0.24375251064616865, 0.22982524800807314, 0.2135784011101797, 0.20555939216652952, 0.19226197625396585, 0.18226920584900758, 0.17098107184992503, 0.1596326861457252, 0.1516691948101282, 0.14461026108264805, 0.1335632803655329]; [1.1583005100393449, 0.9776752000799576, 1.2458047034641424, 0.5902278485437171, 0.6866162837789462, 0.6201502211368122, 0.4501816544431848, 0.6753827263467228, 0.6399763055121936, 0.369060803716556, 0.4206654316367814, 0.3717038438628657, 0.4146805379432611, 0.3722977976079661, 0.42586537753454984, 0.3670955145249542, 0.3592577754272916, 0.3729885904290996, 0.3556538941249394, 0.330841171825989, 0.33659435333178256, 0.5327065493494939, 0.4252567807682596, 0.36563286066692047, 0.3789030317627727]
PreActResNet18, 25, 0.05, 90.99, 11217316, 24.983855493863423, 0.6, [1.5044308881765744, 0.9838362059681673, 0.7686884546806168, 0.6464712614442626, 0.5659060121936365, 0.5065658755853095, 0.4564210682611624, 0.4110562236871158, 0.3815649110735683, 0.35227418095540786, 0.329010576035968, 0.3017763012122799, 0.28489826421085945, 0.26530173927145134, 0.2510873255387225, 0.2351124551092404, 0.2197651703426673, 0.2073099786857821, 0.1969436486975617, 0.18117991932569474, 0.169850347602355, 0.16289208019188034, 0.15577409057851144, 0.14566051052711662, 0.13972227506824278], [1.55236851216886, 1.066056212582908, 1.1124586086874952, 0.6988356173419343, 0.8355549332528068, 0.6202623548027807, 0.792082933953014, 1.0788896933150367, 0.5042158978196759, 0.37151636054721504, 0.665580379791534, 0.3774223795142798, 0.3494278409610541, 0.6498724999138341, 0.5424680981439904, 0.5101912476765081, 0.4205528424737362, 0.5746295355593625, 0.5315664901424901, 0.3995402148677804, 0.4318887247814062, 0.3325754995264422, 0.3321637736615567, 0.3448130648595076, 0.3104978304656859]